1  8082 

2  3213 

3  7389 

4  3672 

5  7198 

6  6309 

7  3043 

8  4750 

9  6786 

10  3152 

11  9141 

12  6975 

13  2382 

14  2011 

15  6549 

16  7644 

17  3957 

18  5879 

19  7606 

20  4153 

21  9528 

22  9810 

23  9849 

24  3213 

25  6658 

26  8329 

27  5142 

28  6213 

29  3683 

30  6119 

31  2700 

32  2909 

33  5652 

34  4414 

35  6554 

36  8208 

37  3340 

38  8588 

39  8408 

40  1552 

41  5814 

42  8758 

43  6608 

44  9701 

45  9565 

46  3917 

47  1627 

48  9610 

49  4361 

50  5081 

51  9724 

52  9703 

53  2527 

54  1857 

55  6627 

56  2928 

57  4160 

58  8561 

59  3998 

60  1506 

61  2686 

62  6539 

63  8267 

64  1858 

65  5904 

66  2778 

67  1524 

68  5128 

69  9463 

70  3080 

71  8861 

72  9063 

73  5800 

74  8704 

75  8886 

76  8820 

77  3622 

78  3077 

79  9196 

80  4989 

81  3686 

82  9376 

83  3707 

84  7847 

85  9195 
