param T:
     1 2 3 4 5 6 7 8 9 10 11 12 13 14 15 16 17 18 19 20 21 22 23 24 25 26 27 28 29 30 31 32 33 34 35 36 37 38 39 40:=
1 1 1 0 1 1 0 0 0 0 0 1 1 1 0 1 0 1 0 0 0 0 1 1 0 0 1 0 1 1 1 1 1 0 1 1 0 0 0 1 1
2 0 1 0 1 0 1 1 1 0 1 0 0 0 0 1 1 1 1 1 0 0 1 1 1 0 0 0 1 1 1 1 0 1 1 0 1 0 1 0 1
3 1 1 0 1 1 1 0 0 0 0 0 1 1 1 1 0 1 1 0 1 0 0 0 1 0 0 1 1 1 0 0 1 0 1 1 1 0 1 1 0
4 1 1 1 1 1 1 1 0 0 0 0 1 1 1 1 1 1 0 0 1 0 0 0 0 1 0 0 0 0 1 0 1 0 0 1 1 0 1 1 0
5 1 0 0 0 1 0 0 0 1 1 0 0 0 1 1 1 1 1 1 0 1 1 0 1 0 0 1 0 1 1 1 1 0 0 0 0 0 0 1 1
6 1 0 1 1 1 1 1 1 1 1 1 0 0 1 0 1 0 1 1 1 0 1 1 0 0 1 1 0 0 0 0 1 1 0 1 0 1 1 1 1
7 0 1 1 1 1 0 0 1 0 1 0 0 1 1 1 1 1 0 1 1 1 1 0 1 0 1 1 1 0 1 0 1 0 1 0 0 1 1 1 0
8 1 1 1 1 1 0 1 1 1 0 0 0 1 0 1 1 1 0 1 1 1 0 0 0 0 1 1 0 1 1 1 0 1 1 1 0 1 1 0 1
9 0 0 1 1 0 1 1 1 0 0 1 0 0 1 0 1 1 1 1 0 0 1 1 0 1 1 1 0 1 1 1 1 1 0 1 0 0 0 0 1
10 1 1 0 1 0 1 0 1 1 1 0 1 0 1 0 1 0 1 1 0 1 0 1 1 1 0 0 1 1 0 0 0 1 0 0 0 1 0 0 1
11 1 1 0 1 1 0 1 1 1 0 1 1 0 1 1 1 1 1 1 1 0 1 0 1 1 1 1 1 0 0 0 1 0 0 1 1 1 0 1 0
12 1 1 0 1 0 0 0 1 1 0 1 0 1 0 1 1 1 1 1 1 1 0 1 0 1 1 1 1 0 1 1 1 0 1 0 1 1 1 0 1
13 1 0 1 0 0 0 1 1 0 1 0 1 0 1 1 1 1 1 1 1 1 1 1 1 1 1 1 0 1 0 1 0 0 1 1 0 0 0 1 0
14 1 1 1 1 0 1 0 0 1 1 1 1 0 1 0 1 1 1 1 0 0 1 1 1 0 1 0 1 1 0 1 1 1 1 0 1 0 1 0 1
15 0 1 1 0 0 0 1 1 1 1 0 1 0 1 1 1 0 1 1 0 1 1 0 1 1 1 1 0 1 1 0 0 1 0 1 1 0 1 0 0
16 0 0 0 0 1 1 0 1 1 1 0 1 0 0 1 1 0 1 1 1 1 1 1 0 1 0 1 1 1 1 1 0 1 0 0 0 1 0 0 0
17 1 0 1 0 1 0 0 1 0 1 1 0 0 1 0 0 1 0 1 0 1 1 1 1 0 1 1 0 1 1 1 0 1 1 1 1 0 1 1 0
18 1 1 0 0 0 0 1 1 1 1 0 1 0 0 1 0 1 0 1 1 1 0 1 1 0 0 0 1 1 0 1 0 1 1 1 1 0 1 1 0
19 1 1 1 1 1 1 1 1 1 1 0 1 1 0 1 0 1 0 0 0 1 1 0 1 0 0 0 0 1 0 1 1 1 1 1 1 1 1 0 0
20 1 0 1 0 0 0 1 1 1 0 0 0 0 0 1 0 0 0 1 1 0 1 1 0 1 1 1 0 1 1 1 1 1 0 1 1 0 0 1 1
21 1 0 1 0 1 1 1 0 1 0 0 1 0 0 0 1 1 1 0 0 1 1 0 0 1 0 1 1 1 1 1 1 1 0 1 0 1 1 0 1
22 1 0 0 0 1 1 1 0 1 1 1 1 1 1 0 1 1 1 1 1 0 1 1 1 0 1 0 0 0 0 0 1 0 1 1 1 0 1 1 1
23 0 1 1 0 1 0 1 0 1 1 0 1 1 1 0 0 0 0 1 0 1 0 0 1 1 1 1 0 1 1 0 0 0 0 1 0 1 1 1 0
24 0 1 1 0 0 1 1 1 0 0 0 1 0 0 0 0 1 0 1 0 1 1 1 1 1 1 0 1 0 0 0 1 1 1 0 0 1 0 1 1
25 1 1 1 0 0 0 1 0 1 0 0 1 1 0 0 1 1 1 1 1 0 1 0 1 1 1 1 1 0 0 0 1 1 1 0 1 1 1 0 1
26 1 0 0 1 1 1 1 1 1 1 0 1 0 1 0 1 0 1 1 1 0 1 1 1 1 1 0 0 0 0 1 1 0 0 1 1 0 1 1 0
27 0 0 0 0 0 1 0 1 1 1 0 0 1 1 1 0 0 0 1 1 1 0 1 0 1 1 0 1 1 0 1 0 1 0 0 1 1 1 1 0
28 0 0 0 0 1 0 1 1 0 1 1 1 1 1 1 0 1 1 0 0 0 0 1 1 0 1 0 1 1 0 1 1 1 0 1 0 1 0 1 0
29 1 1 1 0 1 1 0 0 1 0 1 1 0 0 1 1 1 1 1 1 0 1 0 1 1 1 0 1 1 0 1 1 0 0 0 1 0 0 1 0
30 0 0 0 0 0 0 0 1 1 1 0 1 1 1 0 1 0 0 1 1 0 1 0 1 1 0 0 1 1 1 1 1 1 1 1 1 0 1 1 0
31 1 1 0 1 0 0 0 0 0 1 1 1 1 1 1 1 0 1 1 1 0 1 1 1 0 1 1 1 0 1 1 1 0 1 1 1 1 1 1 0
32 0 1 1 0 0 1 1 0 1 0 1 0 1 0 1 1 0 1 0 1 1 1 0 1 1 1 0 1 0 1 0 1 1 0 1 1 1 1 0 0
33 1 0 1 1 1 0 0 1 0 0 0 1 1 1 0 1 0 1 1 1 0 1 1 0 1 1 1 0 0 1 1 1 1 0 0 1 0 1 1 0
34 0 1 1 1 0 0 1 0 1 1 0 0 1 0 1 1 1 0 1 1 1 1 0 0 1 1 1 0 1 0 1 1 0 1 1 1 0 1 1 1
35 0 1 0 1 0 1 1 1 1 1 0 0 1 0 1 1 0 1 0 0 1 0 1 0 1 0 0 0 1 0 1 0 0 1 1 1 0 0 1 1
36 0 0 1 1 1 0 1 1 0 1 0 1 1 0 1 0 1 1 1 1 1 0 1 0 1 1 1 1 1 1 0 0 1 1 1 1 1 1 1 0
37 0 1 0 1 1 0 0 1 1 1 0 1 0 1 1 1 1 1 1 1 1 1 1 0 0 0 0 1 0 1 1 1 1 1 1 1 1 1 1 0
38 0 1 0 0 0 0 1 0 1 1 1 1 0 1 1 0 0 0 0 1 0 0 0 1 1 1 0 1 0 0 0 0 1 1 0 0 0 0 1 1
39 1 1 0 0 1 1 1 0 0 1 1 0 1 1 0 1 0 0 1 1 0 1 1 1 0 1 0 1 1 0 0 1 1 1 0 0 0 0 1 1
40 0 0 1 0 1 1 1 1 1 1 0 0 1 1 0 0 1 0 0 1 0 1 1 1 1 0 1 0 1 1 0 1 1 1 1 1 1 0 1 0
41 1 0 0 1 1 1 1 0 0 0 1 1 0 1 1 0 1 1 0 1 0 0 0 0 1 0 1 1 1 1 1 0 1 1 1 0 0 1 0 1
42 0 0 0 0 1 0 1 1 1 1 0 1 0 1 1 1 0 1 1 0 1 0 1 1 1 1 0 1 0 0 1 1 0 0 1 1 0 0 1 0
43 1 1 0 0 1 1 0 1 1 0 0 0 1 1 1 1 0 1 1 0 1 1 1 0 0 1 0 1 1 1 0 1 1 0 0 0 1 1 1 0
44 1 1 1 1 1 1 0 1 1 0 1 0 1 0 0 0 0 0 1 0 0 1 1 0 1 1 1 1 0 1 1 0 0 1 0 1 1 1 0 1
45 0 0 1 0 0 0 1 1 1 1 1 1 1 1 1 1 0 0 0 1 1 1 1 1 0 1 0 1 0 0 0 1 1 0 1 0 1 1 0 0
46 0 0 1 1 1 1 1 1 1 1 0 1 1 0 1 1 0 1 0 1 1 0 1 1 0 1 1 1 1 0 0 1 1 1 0 1 1 1 0 1
47 1 0 0 1 1 1 0 0 0 1 1 0 1 0 1 0 1 1 1 1 0 1 1 0 1 1 1 1 1 1 0 0 1 0 1 0 0 1 1 1
48 1 1 0 0 1 1 1 1 1 1 0 0 1 1 0 1 0 1 1 1 1 1 1 1 1 1 1 1 1 1 0 0 0 1 1 1 0 1 1 0
49 0 0 1 1 0 1 1 1 0 1 0 0 1 1 0 1 1 0 1 1 1 1 1 1 1 1 1 1 0 1 1 1 1 1 1 0 0 0 1 1
50 0 0 1 0 1 0 0 0 0 1 0 1 1 0 1 1 1 1 1 1 1 1 0 1 1 1 0 1 0 1 1 1 1 0 1 0 1 1 1 1
51 0 0 1 1 1 1 1 1 0 0 1 0 1 1 1 1 0 1 0 1 1 0 1 0 1 0 1 1 0 1 0 0 1 1 1 0 0 1 1 1
52 0 0 0 0 0 0 1 1 0 1 1 0 0 0 1 0 0 1 1 1 0 1 0 0 0 1 0 0 0 1 1 0 0 1 1 0 0 1 0 1
53 1 1 0 1 0 0 1 0 0 1 1 1 1 1 1 1 0 1 0 1 0 1 0 1 1 1 1 1 0 0 0 0 1 0 1 0 0 0 1 1
54 1 1 0 1 0 0 0 0 0 1 0 1 0 0 1 1 1 1 0 1 0 0 1 1 1 0 0 1 1 0 1 1 0 1 1 1 1 1 0 0
55 1 0 1 0 0 0 0 0 1 1 1 1 0 1 0 1 0 0 1 1 1 1 0 1 1 0 0 1 0 1 0 1 1 1 0 1 0 0 1 1
56 1 0 1 0 1 1 0 1 1 0 1 1 0 1 1 1 1 1 1 0 1 1 1 1 0 0 1 0 0 1 1 1 1 0 1 0 1 1 0 1
57 1 1 1 0 1 1 0 0 0 1 1 0 1 1 0 1 1 0 1 1 0 1 0 1 1 1 1 0 1 0 1 0 0 1 1 1 1 0 1 0
58 0 1 1 1 1 1 0 1 0 0 0 0 1 1 1 1 0 1 0 1 1 1 1 0 1 1 0 0 1 1 0 1 0 1 1 1 1 1 1 1
59 0 1 0 1 1 1 1 0 1 1 1 0 1 1 1 1 0 1 1 1 1 1 1 0 1 0 0 1 1 1 0 0 0 1 0 1 1 0 1 0
60 0 1 1 1 1 0 1 1 0 1 1 1 1 1 0 1 1 0 1 0 1 0 0 0 1 1 1 1 1 0 1 1 0 0 1 0 0 1 1 1
61 0 0 1 1 0 0 1 0 1 0 1 0 1 1 1 1 0 1 0 1 1 0 1 1 1 0 1 1 1 1 0 1 1 1 1 0 0 1 1 1
62 1 0 1 0 0 0 1 1 1 1 0 1 1 1 1 0 1 0 0 1 0 1 1 1 1 0 1 0 0 0 0 1 1 1 1 1 0 0 1 1
63 1 1 1 1 0 0 1 0 1 1 1 1 1 1 1 1 0 1 1 0 1 1 1 0 0 0 1 0 1 1 0 0 0 1 1 0 0 1 0 1
64 1 1 1 0 0 0 0 1 0 1 1 1 0 1 1 1 0 1 1 1 1 1 1 1 0 0 1 1 1 1 1 0 1 1 0 0 1 0 0 0
65 0 0 1 0 0 0 1 0 1 1 1 1 1 1 0 1 0 0 1 0 1 0 1 1 1 1 1 1 1 0 1 1 1 1 1 0 1 1 1 1
66 0 1 0 1 0 1 0 1 1 0 0 1 1 1 1 0 1 0 1 1 1 0 0 1 0 1 1 1 1 1 1 1 1 0 0 1 0 0 0 1
67 1 1 1 1 1 0 1 1 1 1 0 1 1 1 0 1 0 0 1 0 1 1 1 0 1 0 1 1 0 0 0 0 1 0 1 1 0 1 1 0
68 1 0 0 0 1 0 1 1 0 1 0 0 1 1 0 0 1 0 0 1 1 1 0 0 1 1 0 0 1 0 0 1 1 0 1 0 1 1 1 0
69 0 0 1 0 0 0 1 1 1 0 0 0 0 1 0 0 0 1 0 1 1 1 0 1 0 1 1 0 1 0 1 1 1 1 1 0 0 0 1 1
70 1 0 1 1 1 0 1 1 0 1 0 0 1 0 1 1 1 0 0 1 1 1 1 0 1 1 0 0 1 0 1 1 1 0 1 1 1 0 0 1
71 0 1 0 0 1 0 1 1 0 0 0 1 1 1 1 1 1 1 1 1 0 0 0 1 1 0 0 1 1 1 0 0 1 1 0 0 1 0 0 1
72 1 0 0 0 0 1 1 1 1 0 1 0 0 0 0 0 0 0 1 0 0 1 0 0 0 1 1 1 1 0 0 1 1 0 0 1 0 1 1 0
73 0 1 1 1 1 1 0 1 1 1 1 1 0 0 0 0 1 1 1 0 0 1 1 1 1 0 1 1 1 0 1 0 0 0 1 0 1 0 0 1
74 1 0 0 0 1 0 1 1 1 1 0 0 0 1 1 1 1 1 1 1 1 0 1 1 1 0 1 0 1 1 0 1 1 0 1 1 1 1 1 1
75 0 1 0 1 1 0 1 0 1 1 0 1 1 0 1 1 0 1 1 1 1 0 1 1 1 0 1 1 1 1 0 1 1 1 0 1 1 1 1 1
76 1 1 1 1 0 0 0 0 0 1 0 0 1 0 1 1 0 0 1 1 1 0 0 1 1 0 0 0 0 0 0 0 0 1 1 1 1 0 0 1
77 1 1 0 1 1 1 1 0 1 0 1 0 1 1 0 1 0 0 1 1 0 0 1 1 0 0 1 1 0 0 0 1 1 0 1 1 1 1 1 1
78 0 0 0 0 0 0 1 0 0 0 0 0 0 0 1 1 0 1 1 1 1 0 0 1 1 0 1 1 0 1 1 0 0 0 1 1 1 0 1 0
79 1 0 0 0 1 1 1 1 0 0 0 1 0 1 1 1 0 1 1 0 0 0 1 0 0 1 0 1 1 0 1 0 0 1 0 0 0 1 1 0
80 1 1 0 1 0 0 0 1 0 1 1 0 0 0 0 0 0 0 0 1 1 1 0 1 0 1 1 0 0 1 0 1 0 1 1 1 1 1 1 1
81 1 1 1 1 0 1 1 1 1 1 1 1 1 0 0 1 1 1 1 1 0 0 1 1 1 1 1 1 1 1 1 1 1 0 1 1 1 0 1 1
82 0 1 1 1 1 1 1 1 1 0 0 0 0 0 1 1 1 1 1 1 1 1 0 1 1 1 1 0 1 1 1 0 1 0 1 0 1 0 1 0
83 0 1 1 0 1 0 1 0 1 1 1 0 0 1 1 1 1 1 0 0 1 0 0 1 1 1 0 0 0 1 0 0 1 1 1 0 0 0 1 1
84 0 0 0 0 1 1 1 1 0 0 0 1 0 1 1 1 0 1 1 1 0 1 1 0 0 1 1 0 1 0 1 1 1 1 0 1 1 0 1 1
85 1 0 1 1 0 1 1 1 1 1 1 0 1 1 1 0 1 1 1 1 0 1 1 0 1 0 1 0 1 1 1 0 0 1 1 0 1 1 0 1;

param P :=
1 8082
2 3213
3 7389
4 3672
5 7198
6 6309
7 3043
8 4750
9 6786
10 3152
11 9141
12 6975
13 2382
14 2011
15 6549
16 7644
17 3957
18 5879
19 7606
20 4153
21 9528
22 9810
23 9849
24 3213
25 6658
26 8329
27 5142
28 6213
29 3683
30 6119
31 2700
32 2909
33 5652
34 4414
35 6554
36 8208
37 3340
38 8588
39 8408
40 1552
41 5814
42 8758
43 6608
44 9701
45 9565
46 3917
47 1627
48 9610
49 4361
50 5081
51 9724
52 9703
53 2527
54 1857
55 6627
56 2928
57 4160
58 8561
59 3998
60 1506
61 2686
62 6539
63 8267
64 1858
65 5904
66 2778
67 1524
68 5128
69 9463
70 3080
71 8861
72 9063
73 5800
74 8704
75 8886
76 8820
77 3622
78 3077
79 9196
80 4989
81 3686
82 9376
83 3707
84 7847
85 9195;


    