
5 4 11 9 9 18 18 15 13 16 9 7 6 21 8 17 10 11 12 12 19 7 8 18 13 2 18 8 4 6 6 7 17 7 7 14 17 11 5 8 

11 7 15 2 18 9 6 7 17 3 19 11 11 12 6 5 5 10 4 11 15 8 5 4 11 13 12 4 10 7 3 13 10 6 13 7 12 7 11 7 

8 8 16 9 8 7 13 11 20 11 12 5 5 8 9 16 7 4 14 5 12 14 18 7 11 11 3 4 9 15 16 6 16 5 10 8 14 7 8 12 

8 7 3 4 4 7 8 15 11 11 12 8 7 9 8 10 10 11 16 5 13 11 11 12 9 12 16 20 17 8 16 4 12 11 9 6 15 4 8 15 

7 15 11 14 6 11 14 16 8 2 13 13 19 8 3 6 5 9 7 16 3 8 13 9 11 20 10 18 4 4 5 8 17 15 18 14 12 19 4 3 

7 15 5 7 10 6 4 9 7 9 8 15 13 4 12 9 17 6 4 6 13 10 8 12 12 8 5 14 17 17 18 5 9 12 7 13 8 6 9 10 

11 7 4 10 4 11 12 10 15 9 17 17 9 8 6 5 9 12 10 8 6 5 11 7 16 10 3 10 17 5 13 6 18 10 12 12 8 9 5 14 

7 9 5 6 6 14 7 7 4 12 12 20 6 14 6 10 3 20 7 3 9 11 11 18 13 4 10 13 10 3 8 14 3 10 5 14 7 6 14 6 

18 13 5 6 13 9 6 8 12 11 10 11 15 8 14 5 5 8 2 17 11 8 6 15 9 8 6 16 7 9 7 8 10 16 6 18 15 14 13 9 

6 6 11 9 20 7 16 9 6 6 12 8 11 9 19 6 11 10 7 20 9 19 8 6 10 16 18 7 6 15 21 12 10 16 13 11 8 12 12 7 

5 6 11 5 7 16 6 7 8 12 10 7 12 5 6 6 5 8 5 5 12 8 12 10 5 8 4 8 13 19 19 6 17 11 4 10 3 12 10 15 

10 8 18 10 19 16 20 6 7 12 6 14 10 13 7 4 6 7 7 8 9 15 9 13 10 8 8 7 11 10 5 6 17 10 11 7 6 7 13 10 

9 11 6 16 14 12 7 8 15 10 11 5 12 4 7 7 6 9 8 4 5 8 6 9 9 7 5 14 6 15 9 12 11 10 7 12 14 13 6 15 

8 10 5 10 18 6 15 17 6 10 10 7 14 7 18 7 7 8 6 14 11 10 6 5 12 7 11 6 8 14 7 6 8 10 13 8 14 6 13 10 

17 5 9 12 12 20 6 7 8 8 17 8 12 4 5 8 15 7 8 12 8 9 12 7 3 4 5 11 6 8 16 13 10 12 6 4 12 6 12 20 

16 13 12 15 5 7 13 9 9 10 19 7 14 11 3 7 13 7 4 6 3 6 5 11 7 17 6 4 6 7 8 12 9 14 14 14 7 13 16 16 

10 17 8 15 7 16 13 5 11 3 6 15 11 6 13 19 5 19 6 11 8 5 9 10 14 7 5 14 3 7 6 18 10 9 7 6 16 3 4 12 

4 8 11 14 11 11 8 4 5 9 18 6 16 18 10 14 6 15 6 4 2 18 7 4 11 14 20 8 6 16 9 19 8 3 8 9 16 5 9 14 

5 6 8 9 7 6 3 2 5 7 12 6 9 12 6 12 8 21 17 11 8 5 13 9 11 11 13 12 8 11 10 5 6 10 5 4 7 7 11 11 

8 18 10 14 14 16 5 10 6 16 12 12 12 15 7 12 11 11 5 7 20 8 6 17 6 9 9 11 6 7 6 10 7 13 10 9 14 12 4 5 

7 16 8 14 8 9 9 12 8 16 12 5 16 12 14 10 10 7 12 16 4 5 12 14 7 12 9 5 9 5 5 5 5 11 9 14 9 8 13 5 

6 12 13 15 6 4 8 11 7 8 8 10 10 6 19 8 9 4 8 3 19 6 9 7 14 8 17 13 12 11 13 4 12 8 6 2 13 8 8 8 

20 10 7 13 6 14 7 16 9 8 16 7 7 8 13 16 12 18 8 13 10 16 15 9 5 7 9 11 8 10 13 12 14 13 8 13 6 5 8 15 

18 3 6 20 11 8 6 6 19 11 11 5 12 13 20 11 7 17 4 15 7 3 8 6 3 7 13 8 11 18 15 6 5 10 13 11 8 15 9 7 

8 2 6 16 11 14 7 12 10 18 12 4 9 15 18 4 8 7 5 9 13 4 14 7 6 6 6 6 11 12 11 8 4 7 11 7 6 8 13 6 

10 14 13 5 10 4 4 8 4 9 12 10 11 8 11 10 18 8 4 3 17 9 5 9 5 6 14 16 15 15 10 5 12 12 10 7 13 6 7 17 

12 19 14 12 21 7 13 4 8 4 13 15 9 10 5 11 12 12 7 5 7 17 10 11 10 9 12 7 6 18 6 11 7 12 19 6 6 7 6 17 

12 13 14 11 7 16 10 5 15 8 8 4 8 9 6 13 7 7 12 11 15 14 9 8 17 7 14 4 10 16 8 5 9 21 9 11 9 17 8 21 

10 6 8 19 7 6 19 20 10 14 2 7 15 13 7 10 9 7 5 5 16 3 11 3 3 10 12 8 6 16 10 4 18 18 12 8 17 13 4 14 

17 12 11 18 15 12 18 10 9 7 14 6 4 9 19 6 15 20 8 7 15 6 13 5 5 11 19 5 10 9 8 7 7 3 8 8 13 9 5 12 

7 5 11 10 11 13 14 11 16 6 8 6 8 8 8 4 13 9 7 3 11 9 7 6 12 10 3 5 11 6 8 3 14 7 9 8 5 8 9 13 

11 4 9 13 13 3 6 11 9 16 10 14 5 16 10 7 11 5 13 7 10 9 12 6 4 8 14 5 13 6 15 4 8 13 2 7 5 7 13 16 

8 17 4 9 5 13 12 8 13 15 14 5 10 5 17 6 12 9 9 3 13 3 7 20 5 9 8 15 17 6 8 4 10 19 12 5 16 6 7 12 

16 5 4 8 19 17 7 17 8 10 13 11 8 16 10 4 5 16 7 5 7 8 16 11 8 8 7 13 6 12 8 7 11 9 7 9 11 8 9 6 
16 5 13 4 11 7 8 9 2 9 11 15 6 13 8 6 17 7 21 15 8 16 7 18 4 15 14 15 8 17 10 16 14 5 8 8 16 13 9 5 

15 12 4 7 8 13 3 9 18 7 11 7 3 11 6 13 2 4 9 8 5 14 8 18 8 2 6 9 5 4 11 11 7 7 9 6 3 7 6 13 

15 7 15 6 8 13 13 7 9 10 11 8 17 10 4 8 6 6 4 7 3 8 8 11 11 17 11 8 14 7 9 7 9 8 6 10 2 8 8 17 

12 9 11 16 11 17 10 12 9 8 6 10 13 7 6 14 12 11 13 10 12 14 12 8 9 5 13 8 14 13 12 14 7 3 14 19 13 14 4 6 

7 7 11 13 8 5 10 14 11 6 8 14 5 10 12 7 13 13 9 8 11 6 10 6 12 2 17 10 5 13 14 6 3 5 13 12 11 15 9 5 

15 14 7 16 4 10 7 3 5 6 18 20 9 6 18 12 5 17 12 7 19 6 6 5 6 13 10 15 7 5 15 9 5 10 7 6 7 12 10 18 

7 17 11 7 7 7 9 13 14 13 8 7 15 8 8 15 4 2 15 6 16 15 14 16 6 15 10 10 4 7 4 14 3 6 5 13 17 10 17 8 

11 14 11 17 8 14 7 9 6 7 15 10 12 6 9 3 19 10 4 13 7 12 3 10 10 10 13 10 11 12 10 7 18 16 8 9 11 18 9 20 

10 8 12 17 7 9 14 8 2 11 17 17 7 5 3 5 15 6 6 15 8 10 6 14 18 10 12 3 5 5 13 9 5 13 18 13 6 7 5 13 

8 8 9 4 8 7 17 4 8 16 9 15 5 15 16 18 12 19 5 18 11 4 8 15 7 8 7 8 12 5 7 13 18 6 13 10 7 10 11 5 

12 13 3 13 11 13 6 8 9 8 4 3 10 4 3 7 20 14 13 6 8 5 2 9 13 10 12 5 13 16 11 6 6 11 6 13 6 9 12 11 

13 13 9 8 4 9 8 5 3 9 13 7 6 11 4 6 13 10 14 4 7 20 5 7 14 4 8 6 5 13 12 8 10 4 12 8 3 6 14 10 

6 13 17 5 9 6 20 17 11 6 8 11 10 12 4 16 9 5 8 8 19 4 6 15 8 6 5 10 5 8 12 12 10 18 4 11 17 4 10 4 

5 5 11 12 5 8 6 10 5 9 14 17 7 10 13 7 11 8 6 3 3 5 8 6 8 6 9 8 7 10 14 12 11 7 6 3 13 4 8 17 

14 12 10 4 16 7 9 3 14 4 11 14 9 8 17 7 8 17 4 4 6 8 5 6 8 9 5 7 14 9 10 7 9 9 7 11 12 18 5 9 

11 19 8 15 8 18 13 13 15 10 15 9 4 18 4 7 9 3 4 3 7 10 16 5 8 6 13 6 12 6 6 10 6 19 10 14 6 9 8 4 

16 20 8 9 10 7 9 4 15 14 5 11 6 9 3 9 18 8 14 10 4 18 7 12 10 13 6 8 13 10 11 18 7 9 7 14 16 7 8 8 

11 11 13 11 16 14 7 9 12 8 3 13 15 16 10 11 13 9 5 8 17 6 14 16 20 6 18 15 11 5 6 16 14 9 4 12 21 7 17 7 

10 4 11 8 15 11 10 12 20 10 9 9 8 8 4 7 20 7 17 8 13 10 12 9 5 7 10 9 14 13 14 14 6 15 10 13 11 18 5 7 

6 9 11 8 13 12 18 18 11 6 19 7 13 11 8 8 6 6 15 10 15 17 10 10 3 11 13 8 5 13 7 8 19 10 6 6 8 5 13 15 

4 11 5 12 17 12 12 15 3 7 2 5 14 4 13 3 17 11 7 5 7 5 12 5 6 13 12 6 19 6 20 7 6 7 19 2 13 16 6 6 

6 15 6 13 7 6 12 3 8 17 5 5 11 5 6 10 7 10 7 15 10 7 6 5 12 12 7 11 11 5 10 8 9 12 8 12 4 7 11 9 

9 10 8 17 9 3 14 17 13 5 5 14 10 6 19 10 6 13 9 5 12 10 15 6 6 9 7 15 9 13 9 16 13 8 7 5 4 12 5 12 

17 4 6 8 4 9 11 7 13 16 16 14 3 6 7 3 12 5 19 4 7 6 4 17 8 10 17 16 10 4 19 9 13 9 7 8 6 6 5 9 
13 7 15 6 5 9 7 14 9 7 4 12 7 9 9 6 11 10 8 10 7 3 6 12 3 13 14 10 4 4 13 12 11 9 12 4 9 17 9 12 

15 4 5 5 9 12 5 9 15 7 5 9 7 3 16 10 9 17 8 19 9 12 12 15 3 9 6 8 6 16 10 10 16 12 10 17 16 5 10 5 

12 11 5 8 13 15 5 12 4 11 2 14 10 6 10 8 12 8 18 9 8 12 6 2 4 13 7 5 7 7 12 7 4 8 8 18 11 7 6 7 

6 13 9 16 15 11 7 7 4 9 19 7 9 7 9 14 3 14 13 6 15 6 5 7 5 11 9 15 14 17 13 6 7 6 9 10 17 14 8 7 
8 4 8 5 13 16 6 13 7 9 6 4 7 6 2 9 15 10 6 17 5 5 5 12 11 20 8 13 10 9 11 12 16 6 5 12 15 8 14 5 

8 7 3 12 12 19 15 4 11 5 4 2 12 4 6 7 13 7 10 7 9 10 8 7 13 12 10 10 10 3 5 13 10 10 13 13 4 15 11 12 

16 16 6 15 13 18 8 18 10 9 6 8 3 10 18 8 12 17 3 15 8 11 8 9 9 3 7 3 7 11 8 10 8 6 3 15 4 10 7 10 

18 6 11 8 12 7 13 7 7 15 11 6 6 10 3 12 3 16 8 7 5 13 11 8 12 7 3 5 6 10 6 5 8 11 13 10 11 13 11 8 

6 8 10 5 9 19 9 10 5 6 15 6 7 8 11 9 14 16 7 18 8 6 7 14 5 17 5 8 12 12 13 16 9 11 7 9 13 5 8 16 

9 11 14 11 6 16 7 6 13 5 11 17 7 6 17 15 9 11 12 9 6 4 21 11 9 8 17 16 5 12 14 5 10 17 7 12 6 9 6 13 

11 14 6 16 11 12 7 9 7 13 11 17 13 5 17 17 11 5 11 8 8 7 11 6 14 5 7 14 8 12 6 5 5 6 6 12 11 16 7 8 

8 18 10 7 8 14 8 9 12 8 11 19 7 11 10 9 10 16 13 10 10 6 4 17 8 9 17 13 9 14 9 7 8 13 9 9 6 13 11 10 

11 9 18 12 5 13 10 6 13 13 11 9 9 7 8 8 6 6 8 5 15 11 14 4 3 12 12 10 6 5 12 11 7 7 20 12 8 15 11 9 

7 13 18 15 15 10 8 3 7 13 5 18 14 18 12 14 11 11 5 13 13 4 11 14 15 8 8 9 7 17 11 8 5 12 13 9 19 7 9 12 

11 8 5 10 7 7 13 3 9 6 6 7 16 17 13 11 10 9 9 12 14 10 8 10 9 18 2 5 3 11 10 12 11 13 7 13 5 15 13 6 

3 18 17 19 8 11 6 5 6 6 11 11 18 10 8 8 10 8 3 4 9 12 4 6 10 12 8 17 7 8 16 4 9 12 9 3 6 3 8 9 

12 3 12 4 5 14 9 11 5 8 15 5 5 11 10 8 17 10 3 4 8 11 10 4 7 14 5 4 8 6 14 4 5 5 17 8 9 3 10 10 

4 5 9 8 14 20 11 16 14 7 17 16 6 11 5 5 12 17 8 6 7 11 14 9 2 18 18 21 18 14 12 13 17 3 8 9 5 19 15 10 

6 4 18 5 7 10 8 17 8 11 10 12 4 10 12 5 20 11 10 6 15 16 9 8 13 11 4 8 15 16 17 10 3 14 7 8 9 5 7 9 

11 11 13 12 20 14 7 13 13 16 16 17 15 12 9 9 12 7 3 9 10 14 13 5 5 13 3 3 14 9 5 12 18 16 8 5 5 16 10 11 

6 13 11 12 2 5 6 2 13 11 13 7 16 8 3 9 14 8 9 14 13 13 4 15 12 5 11 6 6 12 9 17 11 7 11 16 12 5 10 15 

4 2 17 7 15 19 12 4 18 5 7 13 11 11 12 11 11 17 11 9 4 4 11 6 19 7 6 13 14 4 16 10 13 9 10 3 5 7 6 5 

7 10 7 6 12 7 7 10 5 5 8 7 10 15 18 10 8 8 7 6 12 14 3 6 6 9 9 6 3 9 3 7 7 14 6 5 7 11 8 6 

11 7 4 3 8 8 4 6 10 13 15 11 13 15 10 10 7 4 7 10 8 3 17 6 6 9 4 12 8 8 8 15 6 14 5 14 9 11 8 17 

14 8 8 14 9 13 4 13 5 5 7 15 11 8 3 8 9 3 17 13 5 13 17 8 10 5 12 11 12 6 12 16 10 8 8 17 15 12 8 8 

13 12 11 12 4 9 6 8 16 13 11 6 19 5 6 9 17 8 7 8 11 4 7 15 11 9 10 16 8 20 7 9 8 6 15 7 6 13 10 6 

10 17 7 4 15 4 4 9 6 6 5 11 7 8 8 17 7 4 5 9 11 3 4 13 7 17 10 21 4 10 9 16 16 10 6 11 4 8 13 8 
